E = 5e-4;
K_b = 8.617333262145e-5; %eV per K

T = E/(1.5*K_b*32)