P=[
    54 1 2.598076 151.0174 2.436345
134 1 6.335098 149.507545 2.436345
281 1 13.248205 150.479118 2.436345
508 1 23.898334 149.940837 2.436345
655 1 30.811441 150.912411 2.436345
736 1 34.548463 149.402556 2.436345
883 1 41.46157 150.37413 2.436345
1110 1 52.111699 149.835848 2.436345
1257 1 59.024806 150.807422 2.436345
1338 1 62.761829 149.297567 2.436345
1485 1 69.674935 150.269141 2.436345
1712 1 80.325065 149.730859 2.436345
1859 1 87.238171 150.702433 2.436345
1940 1 90.975194 149.192578 2.436345
2087 1 97.888301 150.164152 2.436345
2314 1 108.53843 149.62587 2.436345
2461 1 115.451537 150.597444 2.436345
2542 1 119.188559 149.087589 2.436345
2689 1 126.101666 150.059163 2.436345
2836 1 133.014773 151.030737 2.436345
2916 1 136.751795 149.520882 2.436345
3063 1 143.664902 150.492455 2.436345
3259 1 152.878545 150.978242 2.436345
3406 1 159.791652 150.006668 2.436345
3633 1 170.441781 150.54495 2.436345
3780 1 177.354888 149.573376 2.436345
4007 1 188.005017 150.111657 2.436345
4154 1 194.918123 149.140084 2.436345
4235 1 198.655146 150.649939 2.436345
4382 1 205.568253 149.678365 2.436345
4609 1 216.218382 150.216646 2.436345
4756 1 223.131489 149.245072 2.436345
4837 1 226.868511 150.754928 2.436345
4984 1 233.781618 149.783354 2.436345
5211 1 244.431747 150.321635 2.436345
5358 1 251.344854 149.350061 2.436345
5439 1 255.081877 150.859916 2.436345
5586 1 261.994983 149.888343 2.436345
5813 1 272.645112 150.426624 2.436345
5960 1 279.558219 149.45505 2.436345
6040 1 283.295242 150.964905 2.436345
6187 1 290.208348 149.993332 2.436345];