T = [2003.27
2003.41
2003.67
2014.96
2008.41];
