f=5.7098;
F = 6.56*1.6023e-19*1e12;
lx = (54.57e-10); ly = lx;
A = lx*ly;

J = F/A