f=5.7098;
% f=6.56;
F = f*1.6023e-19*1e12;
lx = (54.57e-10); ly = lx;
A = lx*ly;

J = F/(2*A)