A=[0 0 0 0  0 0 0
0.05 0.05 0 0.0707107  0.442305 1.76348 2.65666
0.1 0.1 0 0.141421  0.8605 3.48128 5.2287
0.15 0.15 0 0.212132  1.18669 5.01347 7.50875
0.2 0.2 0 0.282843  1.39107 6.24227 9.11548
0.25 0.25 0 0.353553  1.48804 7.07143 9.69336
0.3 0.3 0 0.424264  1.47743 7.33944 9.14905
0.35 0.35 0 0.494975  1.4033 7.16521 7.86798
0.4 0.4 0 0.565685  1.26673 6.37785 6.94839
0.45 0.45 0 0.636396  1.1498 5.0439 6.93363
0.5 0.5 0 0.707107  1.11054 4.48238 7.02607
0.55 0.55 0 0.777817  1.1498 5.0439 6.93363
0.6 0.6 0 0.848528  1.26673 6.37785 6.94839
0.65 0.65 0 0.919239  1.4033 7.16521 7.86798
0.7 0.7 0 0.989949  1.47743 7.33944 9.14905
0.75 0.75 0 1.06066  1.48804 7.07143 9.69336
0.8 0.8 0 1.13137  1.39107 6.24227 9.11548
0.85 0.85 0 1.20208  1.18669 5.01347 7.50875
0.9 0.9 0 1.27279  0.8605 3.48128 5.2287
0.95 0.95 0 1.3435  0.442305 1.76348 2.65666
1 1 0 1.41421  -7.1272e-09 5.75752e-15 7.1272e-09];