aa = [849.25,
859.8056,
847.2341,
852.6219,
852.6219];