G=[
    0 12.7573
0.0122462 10.945
0.0244925 8.31326
0.0367387 5.59114
0.048985 3.33016
0.0612312 1.7568
0.0734775 0.820956
0.0857237 0.339853
0.09797 0.124641
0.110216 0.0404983
0.122462 0.0116578
0.134709 0.00297296
0.146955 0.000671617
0.159201 0.000134392
0.171447 2.38176e-05
0.183694 3.73792e-06
0.19594 5.19404e-07
0.208186 6.38924e-08
0.220432 6.95641e-09
0.232679 6.70243e-10
0.244925 5.71359e-11
0.257171 4.30859e-12
0.269417 2.87362e-13
0.281664 1.69479e-14
0.29391 8.83725e-16
0.306156 4.07348e-17
0.318402 1.65956e-18
0.330649 5.97497e-20
0.342895 1.9008e-21
0.355141 5.34246e-23
0.367387 1.32648e-24
0.379634 2.90917e-26
0.39188 5.63516e-28
0.404126 9.6399e-30
0.416372 1.45625e-31
0.428619 1.94251e-33
0.440865 2.28786e-35
0.453111 2.37908e-37
0.465357 2.18414e-39
0.477604 1.7702e-41
0.48985 1.26653e-43
0.502096 7.99924e-46
0.514342 4.45968e-48
0.526589 2.19468e-50
0.538835 9.53314e-53
0.551081 3.65504e-55
0.563327 1.23688e-57
0.575574 3.69434e-60
0.58782 9.73897e-63
0.600066 2.26594e-65
0.612312 4.62788e-68
0.624559 0
0.636805 0
0.649051 0
0.661297 0
0.673544 0
0.68579 0
0.698036 0
0.710282 0
0.722529 0
0.734775 0
0.747021 0
0.759267 0
0.771514 0
0.78376 0
0.796006 0
0.808252 0
0.820499 0
0.832745 0
0.844991 0
0.857237 0
0.869483 0
0.88173 0
0.893976 0
0.906222 0
0.918468 0
0.930715 0
0.942961 0
0.955207 0
0.967453 0
0.9797 0
0.991946 0
1.00419 0
1.01644 0
1.02868 0
1.04093 0
1.05318 0
1.06542 0
1.07767 0
1.08992 0
1.10216 0
1.11441 0
1.12665 0
1.1389 0
1.15115 0
1.16339 0
1.17564 0
1.18789 0
1.20013 0
1.21238 0
1.22462 0
1.23687 0
1.24912 0
1.26136 0
1.27361 0
1.28586 0
1.2981 0
1.31035 0
1.32259 0
1.33484 0
1.34709 0
1.35933 0
1.37158 0
1.38383 0
1.39607 0
1.40832 0
1.42056 0
1.43281 0
1.44506 0
1.4573 0
1.46955 0
1.4818 0
1.49404 0
1.50629 0
1.51853 0
1.53078 0
1.54303 0
1.55527 0
1.56752 0
1.57977 0
1.59201 0
1.60426 0
1.6165 0
1.62875 0
1.641 0
1.65324 0
1.66549 0
1.67774 0
1.68998 0
1.70223 0
1.71447 0
1.72672 0
1.73897 0
1.75121 0
1.76346 0
1.77571 0
1.78795 0
1.8002 0
1.81244 0
1.82469 0
1.83694 1.38836e-67
1.84918 6.7608e-65
1.86143 2.90367e-62
1.87368 1.10057e-59
1.88592 3.68132e-57
1.89817 1.0867e-54
1.91041 2.831e-52
1.92266 6.50863e-50
1.93491 1.32057e-47
1.94715 2.36461e-45
1.9594 3.73666e-43
1.97165 5.21116e-41
1.98389 6.41378e-39
1.99614 6.96668e-37
2.00838 6.67838e-35
2.02063 5.65007e-33
2.03288 4.21867e-31
2.04512 2.77997e-29
2.05737 1.61679e-27
2.06962 8.29884e-26
2.08186 3.75957e-24
2.09411 1.50322e-22
2.10635 5.30486e-21
2.1186 1.65235e-19
2.13085 4.54272e-18
2.14309 1.10236e-16
2.15534 2.3612e-15
2.16759 4.46437e-14
2.17983 7.45103e-13
2.19208 1.09778e-11
2.20432 1.42783e-10
2.21657 1.63952e-09
2.22882 1.66209e-08
2.24106 1.48771e-07
2.25331 1.17579e-06
2.26556 8.20579e-06
2.2778 5.05732e-05
2.29005 0.000275275
2.30229 0.00132342
2.31454 0.00562025
2.32679 0.0210857
2.33903 0.0698954
2.35128 0.204734
2.36353 0.529997
2.37577 1.21273
2.38802 2.45318
2.40026 4.38775
2.41251 6.94031
2.42476 9.70998
2.437 12.0182
2.44925 13.1621];