fac = 1.60218e-19; %J
gbe =   -4.7805e-05;%0.10602; %eV/ang^2

GBe = gbe*fac/(1e-10)^2

lx = 58.483;