A=[0 0 0 0  -8.23762e-08 -1.77535e-08 5.32129e-08 1.55111 6.32184 10.5058
0.00625 0.00625 0 0.00883883  0.0350188 0.150208 0.196529 1.55013 6.32413 10.5043
0.0125 0.0125 0 0.0176777  0.0694461 0.294981 0.390676 1.54739 6.33085 10.4999
0.01875 0.01875 0 0.0265165  0.103115 0.434533 0.582593 1.54324 6.34172 10.4928
0.025 0.025 0 0.0353553  0.13603 0.569176 0.772385 1.53805 6.3564 10.4832
0.03125 0.03125 0 0.0441942  0.168193 0.699249 0.960187 1.53223 6.37453 10.4714
0.0375 0.0375 0 0.053033  0.199621 0.825124 1.14614 1.52615 6.39575 10.4573
0.04375 0.04375 0 0.0618718  0.23035 0.9472 1.33039 1.52017 6.41971 10.4413
0.05 0.05 0 0.0707107  0.260438 1.06591 1.51191 1.51574 6.44612 10.4235
0.05625 0.05625 0 0.0795495  0.28996 1.1817 1.50952 1.6944 6.47472 10.404
0.0625 0.0625 0 0.0883883  0.319001 1.29506 1.50525 1.87437 6.50533 10.383
0.06875 0.06875 0 0.0972272  0.347655 1.40649 1.50181 2.05316 6.53779 10.3606
0.075 0.075 0 0.106066  0.37601 1.49866 1.51702 2.23087 6.57202 10.337
0.08125 0.08125 0 0.114905  0.404144 1.49694 1.62603 2.40759 6.60798 10.3122
0.0875 0.0875 0 0.123744  0.432119 1.49547 1.73513 2.5834 6.64563 10.2863
0.09375 0.09375 0 0.132583  0.459975 1.49435 1.84467 2.75837 6.68497 10.2593
0.1 0.1 0 0.141421  0.487737 1.4934 1.95528 2.93257 6.72595 10.2313
0.10625 0.10625 0 0.15026  0.516111 1.49241 2.06923 3.10891 6.76943 10.2015
0.1125 0.1125 0 0.159099  0.545465 1.49128 2.18688 3.28915 6.81608 10.1695
0.11875 0.11875 0 0.167938  0.575377 1.49002 2.30633 3.47184 6.86547 10.1355
0.125 0.125 0 0.176777  0.605504 1.48866 2.42614 3.65583 6.91715 10.1
0.13125 0.13125 0 0.185616  0.635573 1.48727 2.54529 3.84022 6.97062 10.0632
0.1375 0.1375 0 0.194454  0.665371 1.48588 2.66302 4.02429 7.02535 10.0254
0.14375 0.14375 0 0.203293  0.694734 1.48454 2.77884 4.20747 7.08078 9.98697
0.15 0.15 0 0.212132  0.723537 1.4833 2.8924 4.38929 7.13635 9.94818
0.15625 0.15625 0 0.220971  0.751691 1.48219 3.0035 4.56935 7.19149 9.90938
0.1625 0.1625 0 0.22981  0.779136 1.48123 3.11207 4.74733 7.24563 9.87094
0.16875 0.16875 0 0.238649  0.805834 1.48043 3.21813 4.92294 7.29824 9.83322
0.175 0.175 0 0.247487  0.831762 1.47978 3.32175 5.09592 7.34877 9.7966
0.18125 0.18125 0 0.256326  0.856913 1.47927 3.4231 5.26605 7.39674 9.76147
0.1875 0.1875 0 0.265165  0.881288 1.47887 3.52239 5.4331 7.44169 9.72819
0.19375 0.19375 0 0.274004  0.904891 1.47855 3.6199 5.59689 7.48322 9.69707
0.2 0.2 0 0.282843  0.927731 1.47826 3.71592 5.75725 7.52101 9.66836
0.20625 0.20625 0 0.291682  0.950393 1.47797 3.81255 5.91736 7.55558 9.64176
0.2125 0.2125 0 0.30052  0.973336 1.47764 3.91079 6.0799 7.58722 9.61738
0.21875 0.21875 0 0.309359  0.996391 1.47728 4.00954 6.24394 7.6153 9.596
0.225 0.225 0 0.318198  1.0194 1.4769 4.10792 6.40865 7.63923 9.57834
0.23125 0.23125 0 0.327037  1.04224 1.47651 4.20518 6.57329 7.65841 9.56508
0.2375 0.2375 0 0.335876  1.06477 1.4761 4.30075 6.73714 7.67235 9.55675
0.24375 0.24375 0 0.344715  1.0869 1.47571 4.3942 6.89959 7.6806 9.55374
0.25 0.25 0 0.353553  1.10852 1.47533 4.48521 7.06005 7.68289 9.55623
0.25625 0.25625 0 0.362392  1.12955 1.47499 4.57356 7.21796 7.67908 9.5642
0.2625 0.2625 0 0.371231  1.14991 1.4747 4.65912 7.37281 7.66923 9.5774
0.26875 0.26875 0 0.38007  1.16956 1.47447 4.74183 7.52403 7.65362 9.59535
0.275 0.275 0 0.388909  1.18844 1.47434 4.82171 7.63133 7.67249 9.6174
0.28125 0.28125 0 0.397748  1.20651 1.4743 4.89882 7.60576 7.81485 9.64275
0.2875 0.2875 0 0.406586  1.22373 1.47437 4.97329 7.57524 7.95299 9.67047
0.29375 0.29375 0 0.415425  1.24008 1.47457 5.04528 7.54095 8.08599 9.69963
0.3 0.3 0 0.424264  1.25554 1.4749 5.115 7.50365 8.21344 9.72925
0.30625 0.30625 0 0.433103  1.27049 1.47535 5.18393 7.463 8.33809 9.75946
0.3125 0.3125 0 0.441942  1.28527 1.47593 5.25293 7.41859 8.46256 9.79102
0.31875 0.31875 0 0.450781  1.29982 1.47667 5.32133 7.37102 8.58634 9.82394
0.325 0.325 0 0.459619  1.31407 1.47758 5.38861 7.32094 8.70891 9.85821
0.33125 0.33125 0 0.468458  1.32796 1.4787 5.4543 7.26898 8.82981 9.8938
0.3375 0.3375 0 0.477297  1.34141 1.48003 5.51804 7.21575 8.94854 9.93061
0.34375 0.34375 0 0.486136  1.35437 1.48159 5.57952 7.16183 9.06466 9.96853
0.35 0.35 0 0.494975  1.36676 1.48337 5.63854 7.10771 9.17772 10.0074
0.35625 0.35625 0 0.503814  1.37853 1.48538 5.69493 7.05387 9.28729 10.0468
0.3625 0.3625 0 0.512652  1.38963 1.48759 5.74861 7.00072 9.39292 10.0866
0.36875 0.36875 0 0.521491  1.40003 1.48994 5.79954 6.94861 9.49422 10.1263
0.375 0.375 0 0.53033  1.40972 1.49237 5.84772 6.89786 9.59076 10.1653
0.38125 0.38125 0 0.539169  1.41871 1.4948 5.8932 6.84876 9.68214 10.2032
0.3875 0.3875 0 0.548008  1.427 1.49712 5.93607 6.80157 9.76797 10.2394
0.39375 0.39375 0 0.556847  1.43464 1.49919 5.97643 6.75655 9.84785 10.2731
0.4 0.4 0 0.565685  1.44168 1.50088 6.01444 6.71393 9.92138 10.3037
0.40625 0.40625 0 0.574524  1.44829 1.50216 6.05096 6.67282 9.99014 10.3316
0.4125 0.4125 0 0.583363  1.45458 1.50307 6.08636 6.63234 10.0557 10.3577
0.41875 0.41875 0 0.592202  1.46055 1.50364 6.12018 6.59282 10.1177 10.3821
0.425 0.425 0 0.601041  1.46617 1.50391 6.15197 6.55461 10.1758 10.4049
0.43125 0.43125 0 0.60988  1.47141 1.50394 6.1814 6.51808 10.2296 10.4261
0.4375 0.4375 0 0.618718  1.47623 1.50378 6.20816 6.48359 10.2787 10.4459
0.44375 0.44375 0 0.627557  1.48058 1.50349 6.23204 6.45147 10.323 10.4643
0.45 0.45 0 0.636396  1.48443 1.50316 6.2529 6.42205 10.3621 10.4814
0.45625 0.45625 0 0.645235  1.48772 1.50286 6.27069 6.39559 10.3959 10.4973
0.4625 0.4625 0 0.654074  1.49038 1.5027 6.28542 6.37231 10.4243 10.512
0.46875 0.46875 0 0.662913  1.49235 1.50276 6.29718 6.35237 10.4474 10.5254
0.475 0.475 0 0.671751  1.49364 1.50309 6.30613 6.33592 10.4654 10.5375
0.48125 0.48125 0 0.68059  1.49434 1.50359 6.31246 6.32308 10.4786 10.5477
0.4875 0.4875 0 0.689429  1.49467 1.50411 6.31342 6.31697 10.4876 10.5555
0.49375 0.49375 0 0.698268  1.49478 1.50449 6.30803 6.31894 10.4927 10.5606
0.5 0.5 0 0.707107  1.49481 1.50462 6.30617 6.31956 10.4944 10.5623
0.5 0.5 0 0.707107  1.49481 1.50462 6.30617 6.31956 10.4944 10.5623
0.497917 0.502083 0 0.710053  1.4948 1.50461 6.3061 6.31978 10.4943 10.562
0.495833 0.504167 0 0.712999  1.49479 1.50455 6.3059 6.32043 10.4941 10.5612
0.49375 0.50625 0 0.715946  1.49477 1.50446 6.30554 6.32152 10.4936 10.5597
0.491667 0.508333 0 0.718892  1.49474 1.50434 6.30502 6.32304 10.4929 10.5576
0.489583 0.510417 0 0.721838  1.49469 1.50418 6.30432 6.32498 10.4921 10.555
0.4875 0.5125 0 0.724784  1.49463 1.50399 6.30343 6.32734 10.4911 10.5519
0.485417 0.514583 0 0.727731  1.49456 1.50376 6.30234 6.33012 10.4898 10.5482
0.483333 0.516667 0 0.730677  1.49446 1.5035 6.30104 6.3333 10.4883 10.544
0.48125 0.51875 0 0.733623  1.49433 1.50322 6.29952 6.33689 10.4866 10.5393
0.479167 0.520833 0 0.73657  1.49418 1.50291 6.29777 6.34087 10.4846 10.5341
0.477083 0.522917 0 0.739516  1.494 1.50258 6.29579 6.34524 10.4822 10.5285
0.475 0.525 0 0.742462  1.49378 1.50223 6.29356 6.35 10.4795 10.5226
0.472917 0.527083 0 0.745408  1.49351 1.50186 6.29108 6.35513 10.4763 10.5164
0.470833 0.529167 0 0.748355  1.49319 1.50149 6.28835 6.36063 10.4726 10.51
0.46875 0.53125 0 0.751301  1.49282 1.50112 6.28534 6.3665 10.4681 10.5035
0.466667 0.533333 0 0.754247  1.49238 1.50075 6.28207 6.37273 10.4628 10.4972
0.464583 0.535417 0 0.757194  1.49187 1.50039 6.27852 6.3793 10.4565 10.4911
0.4625 0.5375 0 0.76014  1.49128 1.50005 6.27469 6.38622 10.4491 10.4854
0.460417 0.539583 0 0.763086  1.49062 1.49971 6.27058 6.39348 10.4406 10.48
0.458333 0.541667 0 0.766032  1.48988 1.4994 6.26618 6.40106 10.4311 10.4749
0.45625 0.54375 0 0.768979  1.48905 1.4991 6.26148 6.40897 10.4207 10.47
0.454167 0.545833 0 0.771925  1.48815 1.49882 6.2565 6.4172 10.4095 10.4652
0.452083 0.547917 0 0.774871  1.48716 1.49856 6.25121 6.42573 10.3975 10.4604
0.45 0.55 0 0.777817  1.4861 1.49831 6.24563 6.43456 10.3848 10.4556
0.447917 0.552083 0 0.780764  1.48497 1.49806 6.23975 6.44369 10.3715 10.4506
