B=[
    0.0402701 0 0 0.54027  3.24101
0.0407704 0 0 0.54077  3.30187
0.0412706 0 0 0.541271  3.32525
0.0417709 0 0 0.541771  3.26565
0.0422711 0 0 0.542271  3.31403
0.0427714 0 0 0.542771  3.38388
0.0432716 0 0 0.543272  3.48978
0.0437719 0 0 0.543772  3.47157
0.0442721 0 0 0.544272  3.56895
0.0447724 0 0 0.544772  3.59685
0.0452726 0 0 0.545273  3.57534
0.0457729 0 0 0.545773  3.61391
0.0462731 0 0 0.546273  3.66292
0.0467734 0 0 0.546773  3.71071
0.0472736 0 0 0.547274  3.82627
0.0477739 0 0 0.547774  3.92172
0.0482741 0 0 0.548274  3.90828
0.0487744 0 0 0.548774  3.93169
0.0492746 0 0 0.549275  3.99161
0.0497749 0 0 0.549775  3.92727];