the=[12.68
16.26
22.62
28.07
46.4
53.13
61.93
67.38
73.74
77.32];

old=[0.1051041818
0.0994758388
0.0897984591
0.0739356974
0.0874111277
0.0443980122
0.0832366435
0.0862028318
0.0994117541
0.0888080752];

new=[ 0.1049860349
0.1000136973
0.0885295131
0.071100136
0.0870798847
0.0534568054
0.083237038
0.0862018932
0.0987859277
0.0424578774
];
