MM=[
      1 0.511725 24.42 0.0579821
  2 1.53518 27.09 0.0625732
  3 2.55863 24.88 0.0633158
  4 3.58208 24.22 0.0703138
  5 4.60553 27.62 0.0665101
  6 5.62898 24.41 0.063429
  7 6.65243 30.24 0.0616336
  8 7.67588 24.74 0.070089
  9 8.69933 33.64 0.0652281
  10 9.72278 35.13 0.0585196
  11 10.7462 27.66 0.0603197
  12 11.7697 33.03 0.0567012
  13 12.7931 34.49 0.0602864
  14 13.8166 32.49 0.0620966
  15 14.84 28.47 0.0601968
  16 15.8635 34.23 0.0609235
  17 16.8869 31.49 0.0631186
  18 17.9104 32.25 0.0564689
  19 18.9338 33.58 0.0598348
  20 19.9573 29.79 0.0566668
  21 20.9807 35.45 0.058904
  22 22.0042 32.48 0.0589371
  23 23.0276 33.83 0.0579402
  24 24.0511 31.24 0.0576497
  25 25.0745 31.7 0.062981
  26 26.098 34.47 0.0571864
  27 27.1214 31.42 0.0602665
  28 28.1449 34.16 0.0572172
  29 29.1683 31.68 0.0593812
  30 30.1918 32.73 0.0565122
  31 31.2152 32.26 0.0640892
  32 32.2387 33.6 0.0632987
  33 33.2621 33.14 0.0595515
  34 34.2856 32.79 0.0588236
  35 35.309 31.6 0.0638373
  36 36.3325 32.92 0.0623649
  37 37.3559 32.96 0.062483
  38 38.3794 31.95 0.0584704
  39 39.4028 33.34 0.0546137
  40 40.4263 31.65 0.0594014
  41 41.4497 33.49 0.0582112
  42 42.4732 31.9 0.0606642
  43 43.4966 32.2 0.0589103
  44 44.5201 34.83 0.0555901
  45 45.5436 31.8 0.0616805
  46 46.567 31.98 0.0580349
  47 47.5905 31.66 0.0575559
  48 48.6139 33.3 0.059441
  49 49.6374 32.98 0.0624155
  50 50.6608 32.88 0.0600992
  51 51.6843 33.01 0.0583543
  52 52.7077 32.63 0.0593059
  53 53.7312 32.27 0.0589066
  54 54.7546 32.05 0.0581629
  55 55.7781 33.15 0.0593393
  56 56.8015 33.01 0.0624357
  57 57.825 32.14 0.0672798
  58 58.8484 32.98 0.0693925
  59 59.8719 31.99 0.0672467
  60 60.8953 33.48 0.0609643
  61 61.9188 32.24 0.0608713
  62 62.9422 32.54 0.0612896
  63 63.9657 32.57 0.0633757
  64 64.9891 32.1 0.0634945
  65 66.0126 33.21 0.0630176
  66 67.036 32 0.0621345
  67 68.0595 32.62 0.0627636
  68 69.0829 32.85 0.060322
  69 70.1064 32.57 0.0556841
  70 71.1298 32.34 0.0601919
  71 72.1533 32.33 0.0619166
  72 73.1767 33.76 0.0626054
  73 74.2002 32.21 0.0622835
  74 75.2236 31.89 0.0642572
  75 76.2471 32.63 0.0616017
  76 77.2705 32.69 0.0610931
  77 78.294 32.14 0.0671844
  78 79.3174 32.62 0.0621846
  79 80.3409 33.68 0.0621107
  80 81.3643 31.36 0.0630418
  81 82.3878 31.75 0.0650411
  82 83.4112 33.69 0.0614919
  83 84.4347 32.6 0.064917
  84 85.4581 32.65 0.0647273
  85 86.4816 31.17 0.0630174
  86 87.505 33.15 0.0629677
  87 88.5285 32.94 0.0621822
  88 89.5519 32.54 0.0626405
  89 90.5754 33.37 0.0582149
  90 91.5988 31.31 0.0643516
  91 92.6223 33.14 0.0624735
  92 93.6457 31.98 0.0617131
  93 94.6692 33.68 0.0580796
  94 95.6926 31.83 0.0621122
  95 96.7161 32.47 0.060091
  96 97.7395 33.04 0.0617817
  97 98.763 33.16 0.0622959
  98 99.7864 32.4 0.0644376
  99 100.81 32.16 0.0634978
  100 101.833 32.17 0.0592516
  101 102.857 33.48 0.0606615
  102 103.88 32.45 0.0609603
  103 104.904 31.84 0.0660294
  104 105.927 33.22 0.0670917
  105 106.951 32.33 0.0687846
  106 107.974 31.41 0.0651607
  107 108.997 33.49 0.0607882
  108 110.021 33.34 0.0583519
  109 111.044 32.28 0.0577104
  110 112.068 31.94 0.0648026
  111 113.091 33 0.0643087
  112 114.115 32.63 0.0659197
  113 115.138 32.34 0.062908
  114 116.162 33.99 0.0615018
  115 117.185 31.84 0.0669185
  116 118.209 33.59 0.0623976
  117 119.232 32.17 0.0638822
  118 120.255 32.55 0.0648792
  119 121.279 33.99 0.0627995
  120 122.302 30.9 0.0642585
  121 123.326 33.05 0.0607829
  122 124.349 31.98 0.0648812
  123 125.373 33.62 0.065687
  124 126.396 33.25 0.0622735
  125 127.42 32.59 0.0622449
  126 128.443 31.66 0.0670232
  127 129.466 32.09 0.0668059
  128 130.49 32.64 0.0652927
  129 131.513 33.92 0.0672613
  130 132.537 32.93 0.0615415
  131 133.56 31.51 0.0681412
  132 134.584 33.59 0.0647454
  133 135.607 32.55 0.0682389
  134 136.631 33.08 0.0693588
  135 137.654 31.46 0.0650316
  136 138.678 32.25 0.0623741
  137 139.701 33.05 0.0620638
  138 140.724 32.49 0.0606407
  139 141.748 32.99 0.0649738
  140 142.771 32.65 0.0625952
  141 143.795 32.86 0.0652228
  142 144.818 32.09 0.0700779
  143 145.842 32.98 0.070718
  144 146.865 32.17 0.0733869
  145 147.889 32.81 0.0647349
  146 148.912 32.92 0.0641612
  147 149.936 32.46 0.0579705
  148 150.959 31.61 0.0664512
  149 151.982 34.37 0.0641723
  150 153.006 31.36 0.0694297
  151 154.029 33.26 0.0631639
  152 155.053 32.09 0.0642047
  153 156.076 32.54 0.0674251
  154 157.1 33.15 0.066145
  155 158.123 32.44 0.0635233
  156 159.147 33.36 0.0623574
  157 160.17 31.52 0.0629486
  158 161.193 33.16 0.0622602
  159 162.217 32.47 0.0645272
  160 163.24 32.63 0.0670777
  161 164.264 33.39 0.0676061
  162 165.287 33.01 0.0694998
  163 166.311 30.88 0.076259
  164 167.334 33.06 0.0697782
  165 168.358 32.73 0.0722139
  166 169.381 32.04 0.0713591
  167 170.405 33.86 0.0687878
  168 171.428 32.32 0.0674258
  169 172.451 32.32 0.0640624
  170 173.475 32.72 0.0649703
  171 174.498 32.47 0.0673729
  172 175.522 33.48 0.0698172
  173 176.545 32.58 0.0656798
  174 177.569 32.39 0.0665772
  175 178.592 32.85 0.0700679
  176 179.616 32.82 0.0647638
  177 180.639 32.41 0.0658982
  178 181.662 33.22 0.0659678
  179 182.686 32.77 0.068914
  180 183.709 32.41 0.0643247
  181 184.733 32.68 0.0673744
  182 185.756 33.04 0.0687406
  183 186.78 32.56 0.0683511
  184 187.803 33.09 0.0661171
  185 188.827 31.43 0.0680899
  186 189.85 32.84 0.0652052
  187 190.874 33.52 0.066422
  188 191.897 32.85 0.0675098
  189 192.92 31.74 0.0656723
  190 193.944 33.72 0.0693633
  191 194.967 32.98 0.0641349
  192 195.991 31.98 0.0635955
  193 197.014 33.21 0.0592742
  194 198.038 32.26 0.0607834
  195 199.061 33.03 0.0632497
  196 200.085 32.26 0.0607808
  197 201.108 33.12 0.0625311
  198 202.131 31.34 0.0620021
  199 203.155 34.38 0.0579722
  200 204.178 31.94 0.0580643
  201 205.202 32.39 0.0628395
  202 206.225 33.11 0.0646896
  203 207.249 32.2 0.0695576
  204 208.272 33.88 0.0672069
  205 209.296 31.49 0.067495
  206 210.319 32.19 0.0688443
  207 211.343 32.49 0.0612427
  208 212.366 33.08 0.0612669
  209 213.389 33.13 0.0651576
  210 214.413 31.82 0.0668477
  211 215.436 32.79 0.0703827
  212 216.46 33.06 0.0688178
  213 217.483 32.15 0.0628399
  214 218.507 31.52 0.0655407
  215 219.53 32.83 0.0674307
  216 220.554 33.02 0.0683747
  217 221.577 32.34 0.0677724
  218 222.6 32.35 0.0663986
  219 223.624 32.36 0.0708211
  220 224.647 34.03 0.0690577
  221 225.671 31.41 0.0737723
  222 226.694 32.79 0.0760553
  223 227.718 32.1 0.0745901
  224 228.741 33.24 0.073222
  225 229.765 32.16 0.0748527
  226 230.788 32.56 0.0765799
  227 231.812 33.01 0.0713621
  228 232.835 32.85 0.0695675
  229 233.858 32.02 0.069108
  230 234.882 32.8 0.0689583
  231 235.905 31.24 0.0708171
  232 236.929 34.7 0.0638585
  233 237.952 32 0.0708211
  234 238.976 32.34 0.0710459
  235 239.999 32.72 0.0732089
  236 241.023 32.21 0.0688206
  237 242.046 34.27 0.0700282
  238 243.07 31.81 0.0712472
  239 244.093 32.86 0.0685853
  240 245.116 31.77 0.0674013
  241 246.14 32.97 0.0644821
  242 247.163 32.6 0.0671896
  243 248.187 33.01 0.0725419
  244 249.21 32.85 0.071848
  245 250.234 32.19 0.0757451
  246 251.257 33.37 0.0711561
  247 252.281 31.66 0.0767627
  248 253.304 32.82 0.0666658
  249 254.327 33.32 0.0701817
  250 255.351 33.44 0.0687503
  251 256.374 32.37 0.0689603
  252 257.398 31.96 0.0716602
  253 258.421 32.73 0.0727478
  254 259.445 32.44 0.074104
  255 260.468 33.68 0.0694129
  256 261.492 32 0.0735464
  257 262.515 32.65 0.0783389
  258 263.539 32.02 0.0786472
  259 264.562 32.61 0.0753919
  260 265.585 33.22 0.0740073
  261 266.609 32.28 0.072473
  262 267.632 32.93 0.0692821
  263 268.656 32.81 0.0669234
  264 269.679 32.47 0.0664707
  265 270.703 31.86 0.0681869
  266 271.726 33.41 0.0688685
  267 272.75 31.52 0.0645419
  268 273.773 32.98 0.0720723
  269 274.796 33.6 0.0718849
  270 275.82 32.16 0.0741787
  271 276.843 31.19 0.0738669
  272 277.867 33.59 0.0725994
