A=[16 1 -18.6660986415 38.8043586451 1.16913
85 1 -11.7446696946 38.8043586451 1.16913
155 1 -4.8232475307 38.8043586451 1.16913
225 1 2.0981746332 38.8043586451 1.16913
295 1 9.0195967972 38.8043586451 1.16913
365 1 15.9410189611 38.8043586451 1.16913
435 1 22.862441125 38.8043586451 1.16913
505 1 29.7838632889 38.8043586451 1.16913
575 1 36.7052854528 38.8043586451 1.16913
645 1 43.6267076167 38.8043586451 1.16913
715 1 50.5481297806 38.8043586451 1.16913
785 1 57.4695519446 38.8043586451 1.16913
855 1 64.3909741085 38.8043586451 1.16913
925 1 71.3123962724 38.8043586451 1.16913
995 1 78.2338184363 38.8043586451 1.16913
1065 1 85.1552406002 38.8043586451 1.16913
1135 1 92.0766627641 38.8043586451 1.16913
1205 1 98.998084928 38.8043586451 1.16913
1275 1 105.919507092 38.8043586451 1.16913
1345 1 112.8409292559 38.8043586451 1.16913];