A = [  1 0.449584 126.6 0.0497687
  2 1.34875 156.09 0.0457526
  3 2.24792 132.3 0.0466087
  4 3.14709 160.7 0.0463403
  5 4.04625 186.29 0.0469729
  6 4.94542 111.34 0.0459069
  7 5.84459 159.61 0.0467645
  8 6.74376 208.08 0.0442954
  9 7.64292 91.68 0.0463814
  10 8.54209 162.56 0.0449622
  11 9.44126 215.95 0.0463803
  12 10.3404 75.4 0.0478718
  13 11.2396 172.4 0.0467267
  14 12.1388 219.41 0.0467806
  15 13.0379 61.2 0.0477846
  16 13.9371 183.25 0.0461798
  17 14.8363 218.3 0.0474385
  18 15.7354 56.13 0.0502478
  19 16.6346 189.61 0.0471481
  20 17.5338 217.99 0.0476794
  21 18.4329 49.57 0.0478812
  22 19.3321 196.37 0.0472105
  23 20.2313 217.3 0.0470104
  24 21.1304 47.88 0.0482648
  25 22.0296 198.82 0.0476414
  26 22.9288 214.27 0.0486155
  27 23.8279 46.55 0.050108
  28 24.7271 203.18 0.0483533
  29 25.6263 213.79 0.0481704
  30 26.5254 40.52 0.0507648
  31 27.4246 209.69 0.048949
  32 28.3238 211.47 0.0487599
  33 29.2229 40.62 0.0503218
  34 30.1221 211.83 0.0489903
  35 31.0213 208.41 0.0470204
  36 31.9204 40.2 0.0470302
  37 32.8196 215.42 0.0479367
  38 33.7188 201.29 0.0498679
  39 34.618 47.74 0.051197
  40 35.5171 215.02 0.0491567
  41 36.4163 197.36 0.048645
  42 37.3155 50.02 0.0489841
  43 38.2146 216.48 0.0484443
  44 39.1138 193.19 0.0480617
  45 40.013 51.87 0.0470304
  46 40.9121 219.06 0.0481788
  47 41.8113 191.79 0.0469083
  48 42.7105 50.29 0.0471646
  49 43.6096 221.86 0.0478983
  50 44.5088 188.2 0.0477183
  51 45.408 52.41 0.0481858
  52 46.3071 223.36 0.0482429
  53 47.2063 180.59 0.0495606
  54 48.1055 57.63 0.0486448
  55 49.0046 225.89 0.0488167
  56 49.9038 175.06 0.0471958
  57 50.803 61.58 0.0471757
  58 51.7021 227.3 0.0481448
  59 52.6013 167.35 0.0491806
  60 53.5005 69.04 0.0480371
  61 54.3996 227.43 0.0475072
  62 55.2988 162.03 0.0478395
  63 56.198 73.06 0.0492002
  64 57.0971 228.98 0.0473303
  65 57.9963 154.49 0.0475611
  66 58.8955 80.03 0.0478629
  67 59.7946 229.47 0.0485203
  68 60.6938 144.24 0.0486365
  69 61.593 90.07 0.0481972
  70 62.4921 229.42 0.0496324
  71 63.3913 136.86 0.0481874
  72 64.2905 97.09 0.0487417
  73 65.1896 230.21 0.0476742
  74 66.0888 127.05 0.0476003
  75 66.988 106.42 0.046352
  76 67.8872 230.33 0.0473437
  77 68.7863 120.75 0.0473004
  78 69.6855 112.39 0.0485391
  79 70.5847 230.72 0.048311
  80 71.4838 113.67 0.0484215
  81 72.383 119.3 0.0495548
  82 73.2822 230.57 0.0477117
  83 74.1813 106.53 0.0462403
  84 75.0805 127.45 0.0473771
  85 75.9797 230.32 0.0481255
  86 76.8788 97.66 0.0482225
  87 77.778 135.81 0.0477234
  88 78.6772 230.39 0.0479811
  89 79.5763 90.52 0.0483445
  90 80.4755 142.58 0.048635
  91 81.3747 229.55 0.0477315
  92 82.2738 84.77 0.0481765
  93 83.173 149.82 0.0479367
  94 84.0722 228.23 0.0482359
  95 84.9713 79 0.0476277
  96 85.8705 156.81 0.0487239
  97 86.7697 227.5 0.0476183
  98 87.6688 71.45 0.0473182
  99 88.568 164.89 0.046622
  100 89.4672 227.25 0.048461
  101 90.3663 65.65 0.0471474
  102 91.2655 170.97 0.0479819
  103 92.1647 224.63 0.0480618
  104 93.0638 61.44 0.0472897
  105 93.963 177.94 0.0491151
  106 94.8622 223.4 0.0489618
  107 95.7613 59.39 0.0481333
  108 96.6605 181.25 0.0501252
  109 97.5597 219.17 0.0485595
  110 98.4588 53.77 0.0482187
  111 99.358 191.04 0.0500602
  112 100.257 216.95 0.0511314
  113 101.156 49.33 0.0515632
  114 102.056 197.63 0.050483
  115 102.955 215.68 0.050722
  116 103.854 44.52 0.0514451
  117 104.753 203.76 0.0512608
  118 105.652 211.77 0.0511758
  119 106.551 44.36 0.0496664
  120 107.451 207.91 0.0486746
  121 108.35 208.99 0.0480101
  122 109.249 41.47 0.0494902
  123 110.148 213.54 0.0492166
  124 111.047 204.65 0.0489257
  125 111.946 42.92 0.0507609
  126 112.846 216.43 0.0493774
  127 113.745 199.43 0.0489044
  128 114.644 47.56 0.0480988
  129 115.543 216.92 0.0494926
  130 116.442 192.35 0.0498618
  131 117.341 53.14 0.0510471
  132 118.241 218.46 0.0508931
  133 119.14 188.45 0.0492769
  134 120.039 52.61 0.048834
  135 120.938 223.03 0.0486072
  136 121.837 182.81 0.0493886
  137 122.736 55.81 0.0487889
  138 123.636 225.13 0.0500553
  139 124.535 173.44 0.0507236
  140 125.434 65.03 0.0511944
  141 126.333 225.55 0.0503967
  142 127.232 168.08 0.0496143
  143 128.131 69.16 0.0487398
  144 129.031 226.92 0.050385
  145 129.93 159.62 0.0491423
  146 130.829 76.12 0.0499934
  147 131.728 228.01 0.0487404
  148 132.627 146.01 0.0494961
  149 133.526 88.8 0.0484082
  150 134.426 229.42 0.0491765
  151 135.325 137.67 0.0502897
  152 136.224 97.08 0.0488738
  153 137.123 228.69 0.051508
  154 138.022 128.05 0.050862
  155 138.921 105.92 0.0487463
  156 139.821 230.2 0.0484014
  157 140.72 117.58 0.048756
  158 141.619 116.18 0.0496317
  159 142.518 230.19 0.0495595
  160 143.417 107.71 0.0487003
  161 144.316 125.27 0.0498993
  162 145.216 230.3 0.049797
  163 146.115 99.11 0.05238
  164 147.014 134.66 0.0509873
  165 147.913 229.06 0.0496747
  166 148.812 94.71 0.0505126
  167 149.711 140.24 0.0511501
  168 150.611 228.56 0.0507788
  169 151.51 86.39 0.0502681
  170 152.409 148.85 0.0502749
  171 153.308 227.15 0.0507352
  172 154.207 78.2 0.0502868
  173 155.106 158.67 0.0503046
  174 156.006 227.81 0.0492855
  175 156.905 70.69 0.0509366
  176 157.804 165.39 0.0500515
  177 158.703 226.25 0.0507205
  178 159.602 64.91 0.0509307
  179 160.501 172.65 0.0506682
  180 161.401 224.83 0.0502749
  181 162.3 58.27 0.0515972
  182 163.199 180.9 0.0512027
  183 164.098 222.58 0.0506779
  184 164.997 57.18 0.0492188
  185 165.896 184.32 0.0507284
  186 166.796 219.73 0.0504628
  187 167.695 50.85 0.0493735
  188 168.594 193.42 0.0515967
  189 169.493 219.81 0.0494358
  190 170.392 45.96 0.050353
  191 171.291 198.16 0.0499307
  192 172.191 214.28 0.0519874
  193 173.09 47.69 0.0527784
  194 173.989 202.02 0.0523534
  195 174.888 208.88 0.0498493
  196 175.787 49.95 0.0489501
  197 176.686 205.17 0.0502464
  198 177.586 209.97 0.0518834
  199 178.485 43.34 0.0510818
  200 179.384 210.69 0.0506262
  201 180.283 204.9 0.0506925
  202 181.182 45.98 0.0519162
  203 182.081 213.08 0.0509654
  204 182.981 200.24 0.0505386
  205 183.88 45.2 0.0505339
  206 184.779 218.6 0.0497091
  207 185.678 195.56 0.0484005
  208 186.577 48.4 0.0505262
  209 187.476 220.02 0.0494853
  210 188.376 190.27 0.0497634
  211 189.275 51.05 0.0497897
  212 190.174 222.63 0.0504361
  213 191.073 183.81 0.0501554
  214 191.972 55.06 0.0495596
  215 192.871 224.94 0.0498747
  216 193.771 175.46 0.0507095
  217 194.67 62.49 0.0517901
  218 195.569 226.25 0.0518614
  219 196.468 168.5 0.0514657
  220 197.367 68.13 0.0524981
  221 198.266 227.43 0.0505165
  222 199.166 166.04 0.0510368
  223 200.065 68.99 0.0520783
  224 200.964 228.83 0.0524544
  225 201.863 153.29 0.052724
  226 202.762 80.94 0.0514075
  227 203.661 229.58 0.0509672
  228 204.561 147 0.0507722
  229 205.46 88.27 0.0521009
  230 206.359 228.87 0.0511721
  231 207.258 137.43 0.0500044
  232 208.157 96.99 0.0488819
  233 209.056 229.31 0.049362
  234 209.956 130.79 0.0522384
  235 210.855 103.59 0.0498351
  236 211.754 229.32 0.0532132
  237 212.653 121.24 0.0535942
  238 213.552 112.87 0.0527379
  239 214.451 229.79 0.0512032
  240 215.351 115.22 0.0529629
  241 216.25 119.36 0.0526696
  242 217.149 229.3 0.0523844
  243 218.048 107.79 0.0506952
  244 218.947 126.07 0.0514677
  245 219.846 229.55 0.0512331
  246 220.746 97.04 0.0504115
  247 221.645 137.2 0.051119
  248 222.544 229.36 0.0516709
  249 223.443 92.78 0.054192
  250 224.342 141.75 0.05321
  251 225.241 228.7 0.0545743
  252 226.141 84.06 0.0548887
  253 227.04 151.72 0.0540941
  254 227.939 226.91 0.0535731
  255 228.838 79.09 0.0535998
  256 229.737 157.16 0.0539751
  257 230.636 227.61 0.0535756
  258 231.536 70.66 0.0536746
  259 232.435 165.79 0.0538484
  260 233.334 226.12 0.0524633
  261 234.233 68.26 0.0507899
  262 235.132 169.56 0.0522027
  263 236.031 224.08 0.0521349
  264 236.931 59.83 0.0533005
  265 237.83 179.94 0.0522317
  266 238.729 224.47 0.0516346
