A = [  1 0.449584 129.98 0.045965
  2 1.34875 155.6 0.0469292
  3 2.24792 132.4 0.0483627
  4 3.14709 157.37 0.0488269
  5 4.04625 185.71 0.0474924
  6 4.94542 117.24 0.0479114
  7 5.84459 154.37 0.0467058
  8 6.74376 210.42 0.0474886
  9 7.64292 92.72 0.0464998
  10 8.54209 160.58 0.0476677
  11 9.44126 218.41 0.047042
  12 10.3404 69.06 0.0469609
  13 11.2396 176.11 0.0476234
  14 12.1388 222.19 0.0476828
  15 13.0379 59.3 0.0468376
  16 13.9371 182.51 0.0483567
  17 14.8363 223.17 0.0467631
  18 15.7354 48.5 0.0479526
  19 16.6346 192.33 0.047714
  20 17.5338 222.3 0.0470265
  21 18.4329 45.59 0.0471017
  22 19.3321 196.2 0.0481849
  23 20.2313 217.9 0.0487958
  24 21.1304 44.4 0.0483753
  25 22.0296 201.61 0.0478072
  26 22.9288 217.62 0.0473747
  27 23.8279 41.01 0.0477708
  28 24.7271 205.37 0.0470826
  29 25.6263 215.56 0.0467653
  30 26.5254 36.78 0.0460606
  31 27.4246 211.66 0.0459416
  32 28.3238 212.11 0.0462825
  33 29.2229 37.51 0.0459041
  34 30.1221 214.43 0.0473357
  35 31.0213 206.26 0.0470958
  36 31.9204 42.69 0.0460786
  37 32.8196 215 0.0471119
  38 33.7188 200.67 0.0479208
  39 34.618 45.49 0.0470615
  40 35.5171 217.84 0.0483903
  41 36.4163 197.52 0.0484113
  42 37.3155 46.48 0.050141
  43 38.2146 219.96 0.0480561
  44 39.1138 192.9 0.048566
  45 40.013 49.09 0.0487916
  46 40.9121 222 0.0485235
  47 41.8113 186.71 0.048677
  48 42.7105 53.92 0.0489354
  49 43.6096 223.36 0.0487076
  50 44.5088 181.16 0.0485889
  51 45.408 57.04 0.0480265
  52 46.3071 225.84 0.0468648
  53 47.2063 178.08 0.0468131
  54 48.1055 59.62 0.0466091
  55 49.0046 226.3 0.0469202
  56 49.9038 168.37 0.0474619
  57 50.803 68.35 0.0474889
  58 51.7021 227.25 0.0483496
  59 52.6013 158.07 0.0477905
  60 53.5005 77.73 0.0477977
  61 54.3996 227.95 0.0482572
  62 55.2988 150.82 0.0484419
  63 56.198 84.06 0.0489758
  64 57.0971 229.22 0.0488735
  65 57.9963 141.55 0.0480208
  66 58.8955 92.18 0.0491158
  67 59.7946 230.19 0.0483722
  68 60.6938 131.46 0.0490851
  69 61.593 101.8 0.0479214
  70 62.4921 230.78 0.0481037
  71 63.3913 124.24 0.0476712
  72 64.2905 108.71 0.0478818
  73 65.1896 230.7 0.0474309
  74 66.0888 115.01 0.0501436
  75 66.988 118.2 0.0481645
  76 67.8872 230.16 0.0502069
  77 68.7863 105.89 0.0497799
  78 69.6855 128.1 0.0507744
  79 70.5847 228.99 0.0495979
  80 71.4838 96.97 0.0493527
  81 72.383 137.74 0.048311
  82 73.2822 228.77 0.0493402
  83 74.1813 87.89 0.049798
  84 75.0805 146.9 0.0497605
  85 75.9797 228.79 0.0492791
  86 76.8788 79.24 0.0502054
  87 77.778 156.08 0.0484792
  88 78.6772 228.02 0.0485909
  89 79.5763 69.16 0.0482937
  90 80.4755 166.74 0.0484902
  91 81.3747 227.59 0.0491566
  92 82.2738 61.95 0.0486975
  93 83.173 174.45 0.0489507
  94 84.0722 226.79 0.0491527
  95 84.9713 53.48 0.0484712
  96 85.8705 183.78 0.0495067
  97 86.7697 225.52 0.0486409
  98 87.6688 45.64 0.0471429
  99 88.568 192.78 0.0490008
  100 89.4672 223.09 0.0479676
  101 90.3663 43.28 0.0475075
  102 91.2655 197.59 0.0491984
  103 92.1647 218.6 0.0495837
  104 93.0638 43.67 0.0475927
  105 93.963 201.79 0.0481202
  106 94.8622 214.08 0.0474132
  107 95.7613 43.8 0.0512656
  108 96.6605 206.06 0.0487265
  109 97.5597 206.8 0.0495161
  110 98.4588 48.74 0.050102
  111 99.358 208.46 0.0513982
  112 100.257 200.67 0.0510093
  113 101.156 50.29 0.0501716
  114 102.056 213.04 0.0498519
  115 102.955 198.44 0.049817
  116 103.854 48.78 0.0487345
  117 104.753 216.74 0.0503069
  118 105.652 192.55 0.0501133
  119 106.551 51.41 0.0508635
  120 107.451 219.99 0.0497336
  121 108.35 186.66 0.0498871
  122 109.249 54.25 0.0516384
  123 110.148 222.93 0.0500274
  124 111.047 182.18 0.048795
  125 111.946 56.35 0.0489922
  126 112.846 225.58 0.0490934
  127 113.745 174.11 0.050153
  128 114.644 63.66 0.0506234
  129 115.543 225.89 0.0507423
  130 116.442 164.63 0.0507484
  131 117.341 71.31 0.0507809
  132 118.241 228.4 0.0494684
  133 119.14 154.81 0.0485459
  134 120.039 80.21 0.0502463
  135 120.938 228.96 0.0494102
  136 121.837 149.26 0.0488361
  137 122.736 84.6 0.0498175
  138 123.636 230.21 0.049485
  139 124.535 132.8 0.0507072
  140 125.434 100.78 0.0490672
  141 126.333 229.62 0.0496701
  142 127.232 125.5 0.050404
  143 128.131 108.5 0.0500427
  144 129.031 229.72 0.0509351
  145 129.93 113.58 0.0515952
  146 130.829 120 0.0504896
  147 131.728 230.81 0.0514515
  148 132.627 100.38 0.0506996
  149 133.526 132.6 0.0509257
  150 134.426 230.46 0.0503092
  151 135.325 90.9 0.0504228
  152 136.224 142.81 0.0505125
  153 137.123 229.63 0.0510124
  154 138.022 83.14 0.0485858
  155 138.921 151.22 0.0498227
  156 139.821 228.85 0.0492015
  157 140.72 74.55 0.0489801
  158 141.619 160.39 0.0492939
  159 142.518 228.51 0.0495582
  160 143.417 66.72 0.0471875
  161 144.316 168.71 0.0480675
  162 145.216 228.71 0.0479376
  163 146.115 59.74 0.0478273
  164 147.014 175.56 0.0488682
  165 147.913 225.95 0.0488105
  166 148.812 57.34 0.0503415
  167 149.711 180.62 0.0507142
  168 150.611 223.87 0.0518325
  169 151.51 49.9 0.0495144
  170 152.409 190.25 0.0500759
  171 153.308 219.61 0.0514617
  172 154.207 51.17 0.0517547
  173 155.106 193.19 0.0517201
  174 156.006 217 0.0496625
  175 156.905 48.12 0.0498662
  176 157.804 198.88 0.0493133
  177 158.703 215 0.0495725
  178 159.602 43.06 0.0508768
  179 160.501 205.94 0.0493027
  180 161.401 213.01 0.0514657
  181 162.3 43.97 0.0507268
  182 163.199 207.02 0.0509549
  183 164.098 208.61 0.0509754
  184 164.997 43.1 0.0522167
  185 165.896 212.32 0.0512774
  186 166.796 202.43 0.0512936
  187 167.695 46.01 0.0510323
  188 168.594 215.53 0.0501469
  189 169.493 199.61 0.0494312
  190 170.392 46.8 0.0488854
  191 171.291 217.59 0.0498412
  192 172.191 198.21 0.0497034
  193 173.09 44.68 0.0522764
  194 173.989 221.09 0.0490266
  195 174.888 188.89 0.0502992
  196 175.787 51.04 0.049281
  197 176.686 224.05 0.0508437
  198 177.586 186.18 0.0496493
  199 178.485 52.08 0.0534931
  200 179.384 225.74 0.0505728
  201 180.283 174.61 0.0516883
  202 181.182 62.22 0.050449
  203 182.081 227.07 0.0507923
  204 182.981 165.64 0.0514612
  205 183.88 71.51 0.0529998
  206 184.779 226.64 0.052807
  207 185.678 158.53 0.0518993
  208 186.577 77.15 0.0526829
  209 187.476 228.24 0.0513632
  210 188.376 148.55 0.0516607
  211 189.275 85.68 0.0517323
  212 190.174 229.96 0.0510278
  213 191.073 139.75 0.0516691
  214 191.972 94.21 0.0513095
  215 192.871 229.85 0.0511221
  216 193.771 129.85 0.0511998
  217 194.67 103.52 0.0516366
  218 195.569 230.28 0.0510469
  219 196.468 121.56 0.049269
  220 197.367 112.59 0.0502874
  221 198.266 229.76 0.0508747
  222 199.166 110.11 0.0507814
  223 200.065 124.06 0.0527023
  224 200.964 228.46 0.0515197
  225 201.863 103.97 0.0527199
  226 202.762 130.59 0.0528548
  227 203.661 228.75 0.0508822
  228 204.561 95.77 0.0505992
  229 205.46 139.75 0.0503698
  230 206.359 228.36 0.0486859
  231 207.258 86.71 0.048231
  232 208.157 148.58 0.0495668
  233 209.056 226.88 0.0507327
  234 209.956 81.07 0.052094
  235 210.855 156.05 0.0516023
  236 211.754 226.19 0.0520455
  237 212.653 71.73 0.0528771
  238 213.552 166.28 0.0525021
  239 214.451 223.7 0.0533266
  240 215.351 66.71 0.0528595
  241 216.25 173.38 0.052827
  242 217.149 222.64 0.052308
  243 218.048 61.49 0.051757
  244 218.947 179.75 0.0512648
  245 219.846 219.85 0.0508268
  246 220.746 58.73 0.052452
  247 221.645 185.33 0.0523853
  248 222.544 219.55 0.0525303
  249 223.443 51.98 0.0518111
  250 224.342 192.45 0.0506826
  251 225.241 217.55 0.0508386
  252 226.141 48.57 0.0512552
  253 227.04 197.89 0.0507064
  254 227.939 215.57 0.0519853
  255 228.838 45.55 0.0512775
  256 229.737 202.87 0.0521413
  257 230.636 212.88 0.0531859
  258 231.536 43.87 0.0527222
  259 232.435 207.25 0.0531566
  260 233.334 205.45 0.0536383
  261 234.233 49.73 0.0520705
  262 235.132 208.88 0.0547568
  263 236.031 203.47 0.0544451
  264 236.931 47.47 0.0531838
  265 237.83 213 0.056283
  266 238.729 199.06 0.0550368
  267 239.628 48.95 0.0548328
