M = [  1 0.449584 128.88 0.0454376
  2 1.34875 156.05 0.0479818
  3 2.24792 130.24 0.0465016
  4 3.14709 165.19 0.0471128
  5 4.04625 179.65 0.0471264
  6 4.94542 113.61 0.0450868
  7 5.84459 166.81 0.0466448
  8 6.74376 202.51 0.0463001
  9 7.64292 89.95 0.0472911
  10 8.54209 171.39 0.047418
  11 9.44126 213 0.0472746
  12 10.3404 67.15 0.0455998
  13 11.2396 183.61 0.0457513
  14 12.1388 215.14 0.0461284
  15 13.0379 58.19 0.0477626
  16 13.9371 190.54 0.0461233
  17 14.8363 216.96 0.0485902
  18 15.7354 51.17 0.0507997
  19 16.6346 195.86 0.0489825
  20 17.5338 216.93 0.0489558
  21 18.4329 45.13 0.049694
  22 19.3321 201.94 0.0475592
  23 20.2313 215.22 0.0483113
  24 21.1304 39.51 0.0474008
  25 22.0296 209.27 0.0479205
  26 22.9288 212.39 0.0476923
  27 23.8279 37.44 0.0491281
  28 24.7271 214.22 0.0483109
  29 25.6263 209.63 0.0482493
  30 26.5254 40.18 0.0484201
  31 27.4246 214.14 0.0477294
  32 28.3238 207.9 0.0476106
  33 29.2229 39.68 0.0484219
  34 30.1221 216.42 0.0480524
  35 31.0213 200.75 0.0478851
  36 31.9204 45.21 0.0487582
  37 32.8196 218.04 0.0483323
  38 33.7188 198.77 0.0479312
  39 34.618 43.65 0.0481907
  40 35.5171 221.58 0.0488844
  41 36.4163 193.3 0.0481124
  42 37.3155 47.12 0.0459875
  43 38.2146 223.58 0.0472057
  44 39.1138 187.46 0.0476758
  45 40.013 53.22 0.0479163
  46 40.9121 223.27 0.0470827
  47 41.8113 178.82 0.0474459
  48 42.7105 60.76 0.0470758
  49 43.6096 224.34 0.0477556
  50 44.5088 173.43 0.0485078
  51 45.408 64.15 0.0488691
  52 46.3071 226.37 0.0486312
  53 47.2063 171.57 0.0481356
  54 48.1055 64.26 0.0475518
  55 49.0046 228.2 0.0486519
  56 49.9038 162.62 0.0483285
  57 50.803 73.26 0.0491899
  58 51.7021 228.23 0.0494186
  59 52.6013 153.45 0.0486003
  60 53.5005 80.7 0.0487795
  61 54.3996 229.79 0.0475408
  62 55.2988 147.63 0.0476732
  63 56.198 85.79 0.0473325
  64 57.0971 230.27 0.0477394
  65 57.9963 136.83 0.0475541
  66 58.8955 97.13 0.0486998
  67 59.7946 229.95 0.0487319
  68 60.6938 125.34 0.0484724
  69 61.593 108.16 0.0488903
  70 62.4921 230.21 0.0492621
  71 63.3913 113.17 0.0507396
  72 64.2905 120.7 0.0489409
  73 65.1896 229.67 0.0495317
  74 66.0888 108.37 0.0497649
  75 66.988 125.75 0.0482569
  76 67.8872 229.2 0.0482161
  77 68.7863 98.06 0.0492103
  78 69.6855 136.22 0.0495722
  79 70.5847 228.91 0.0485029
  80 71.4838 90.51 0.0472922
  81 72.383 144.63 0.0478919
  82 73.2822 228.5 0.0478734
  83 74.1813 82.47 0.0484866
  84 75.0805 152.9 0.0497218
  85 75.9797 227.93 0.0491557
  86 76.8788 73.71 0.0471042
  87 77.778 162.25 0.049039
  88 78.6772 227.85 0.0482171
  89 79.5763 63.72 0.0489856
  90 80.4755 172.36 0.0483038
  91 81.3747 225.58 0.048657
  92 82.2738 59.71 0.049238
  93 83.173 178.74 0.0503996
  94 84.0722 223.6 0.0499811
  95 84.9713 52.42 0.0504628
  96 85.8705 187.86 0.0502614
  97 86.7697 220.68 0.0502556
  98 87.6688 48.8 0.0509486
  99 88.568 194.52 0.0496094
  100 89.4672 220.37 0.050174
  101 90.3663 44.67 0.0503106
  102 91.2655 198.96 0.0502211
  103 92.1647 219.31 0.0492877
  104 93.0638 37.38 0.050358
  105 93.963 207.31 0.0481906
  106 94.8622 215.48 0.0482989
  107 95.7613 37.04 0.0488285
  108 96.6605 211.48 0.0480811
  109 97.5597 207.07 0.0474783
  110 98.4588 42.49 0.0492668
  111 99.358 214.36 0.0487694
  112 100.257 202.55 0.0495605
  113 101.156 46.28 0.0515906
  114 102.056 215.25 0.0496447
  115 102.955 196.28 0.0506395
  116 103.854 49.88 0.0509343
  117 104.753 217.84 0.0502526
  118 105.652 194.82 0.0493346
  119 106.551 47.62 0.0483026
  120 107.451 221.56 0.0501015
  121 108.35 189.03 0.0513415
  122 109.249 50.68 0.0507983
  123 110.148 224.29 0.0506889
  124 111.047 182.66 0.0497893
  125 111.946 55.04 0.0495376
  126 112.846 226.3 0.0498398
  127 113.745 174.89 0.0487863
  128 114.644 63.75 0.0513392
  129 115.543 225.31 0.051122
  130 116.442 168.29 0.0514416
  131 117.341 68.87 0.0513413
  132 118.241 226.74 0.0517384
  133 119.14 163.97 0.0516851
  134 120.039 72.47 0.0522
  135 120.938 227.61 0.0521064
  136 121.837 156.3 0.0505601
  137 122.736 79.01 0.0531561
  138 123.636 228.5 0.0517207
  139 124.535 149.09 0.0524642
  140 125.434 86.46 0.0516054
  141 126.333 228.3 0.0509488
  142 127.232 140.46 0.0494565
  143 128.131 93.65 0.0498872
  144 129.031 229.85 0.050495
  145 129.93 132.53 0.0508103
  146 130.829 101.41 0.0497321
  147 131.728 229.87 0.0497364
  148 132.627 130.85 0.0492913
  149 133.526 103.25 0.0511632
  150 134.426 228.82 0.0520865
  151 135.325 124 0.0525063
  152 136.224 111.18 0.0539302
  153 137.123 229.07 0.0521487
  154 138.022 115.65 0.0498389
  155 138.921 118.36 0.0509095
  156 139.821 230.15 0.0510086
  157 140.72 109.66 0.0505383
  158 141.619 124.51 0.0504779
  159 142.518 229.47 0.0501315
  160 143.417 102.61 0.0498863
  161 144.316 131.69 0.0500303
  162 145.216 229.02 0.0504545
  163 146.115 96.29 0.0491798
  164 147.014 138.38 0.0503555
  165 147.913 229.33 0.0504697
  166 148.812 88.69 0.051433
  167 149.711 146.11 0.050912
  168 150.611 227.99 0.0512105
  169 151.51 84.48 0.0524678
  170 152.409 151.32 0.0521958
  171 153.308 227.05 0.0515733
  172 154.207 76.75 0.0499706
  173 155.106 160.07 0.0507242
  174 156.006 226.7 0.0513756
  175 156.905 69.68 0.0503115
  176 157.804 167.6 0.0512622
  177 158.703 226.7 0.0508289
  178 159.602 63.17 0.0496582
  179 160.501 174.26 0.0498231
  180 161.401 224.6 0.050115
  181 162.3 60.12 0.0507289
  182 163.199 179.1 0.0491537
  183 164.098 224.08 0.0499207
  184 164.997 52.93 0.0504979
  185 165.896 187.12 0.0507223
  186 166.796 222.3 0.0499731
  187 167.695 49.08 0.0498209
  188 168.594 192.48 0.0506611
  189 169.493 218.56 0.0506456
  190 170.392 49.33 0.051592
  191 171.291 196.11 0.0495847
  192 172.191 214.31 0.0519362
  193 173.09 50.45 0.0519716
  194 173.989 199.21 0.0524769
  195 174.888 211.81 0.0528519
  196 175.787 46.75 0.0521776
  197 176.686 205.32 0.0517793
  198 177.586 207.67 0.050935
  199 178.485 45.35 0.0494252
  200 179.384 211.13 0.0499335
  201 180.283 202.93 0.0508498
  202 181.182 45.4 0.0503483
  203 182.081 215.67 0.0512066
  204 182.981 198.77 0.0513484
  205 183.88 47.98 0.0533444
  206 184.779 217.28 0.0543512
  207 185.678 191.57 0.0514733
  208 186.577 51.29 0.0517786
  209 187.476 221.07 0.0498559
  210 188.376 185.75 0.051295
  211 189.275 55.08 0.0501336
  212 190.174 223.01 0.0517116
  213 191.073 179.37 0.0525531
  214 191.972 61.76 0.0513437
  215 192.871 222.97 0.0531238
  216 193.771 173.63 0.0530253
  217 194.67 64.97 0.0514129
  218 195.569 225.35 0.0526164
  219 196.468 162.91 0.0542019
  220 197.367 74.85 0.0522655
  221 198.266 226.26 0.0527297
  222 199.166 157.53 0.0522764
  223 200.065 79.98 0.0503909
  224 200.964 226.26 0.0526766
  225 201.863 149.6 0.0519327
  226 202.762 87.34 0.0525979
  227 203.661 226.94 0.0525039
  228 204.561 140.64 0.0524917
  229 205.46 93.19 0.0514546
  230 206.359 229.74 0.0520239
  231 207.258 133.07 0.0529144
  232 208.157 101.42 0.0522319
  233 209.056 229.4 0.0541024
  234 209.956 125.74 0.0522839
  235 210.855 108.67 0.0537553
  236 211.754 229.85 0.0532408
  237 212.653 114.9 0.0531167
  238 213.552 119.11 0.0527299
  239 214.451 228.77 0.0545066
  240 215.351 106.9 0.0544202
  241 216.25 128.17 0.0539789
  242 217.149 228.58 0.0515878
  243 218.048 101.42 0.0513052
  244 218.947 133.92 0.0528995
  245 219.846 227.84 0.0532469
  246 220.746 97.1 0.0521964
  247 221.645 138.96 0.0531127
  248 222.544 227.71 0.0520704
  249 223.443 87.86 0.0524149
  250 224.342 148.24 0.0517261
  251 225.241 226.44 0.0525907
  252 226.141 79.34 0.054368
  253 227.04 158.08 0.0527579
  254 227.939 224.83 0.0528479
  255 228.838 74.57 0.0544383
  256 229.737 164.39 0.0524802
  257 230.636 225.21 0.0521362
  258 231.536 69.08 0.0558441
  259 232.435 169.51 0.0527721
  260 233.334 222.55 0.0550129
  261 234.233 67.97 0.0539468
  262 235.132 173.54 0.0567973
  263 236.031 219.72 0.0560249
  264 236.931 65.62 0.054049
  265 237.83 178.51 0.0544126
  266 238.729 220.74 0.0542211
