A=[0 0 0 0  0 0 0
0.025 0.025 0 0.0353553  0.226622 0.891031 1.35397
0.05 0.05 0 0.0707107  0.442305 1.76348 2.65666
0.075 0.075 0 0.106066  0.661356 2.63911 3.97349
0.1 0.1 0 0.141421  0.8605 3.48128 5.2287
0.125 0.125 0 0.176777  1.03683 4.27634 6.42653
0.15 0.15 0 0.212132  1.18669 5.01347 7.50875
0.175 0.175 0 0.247487  1.30262 5.67593 8.42366
0.2 0.2 0 0.282843  1.39107 6.24227 9.11548
0.225 0.225 0 0.318198  1.45257 6.71689 9.54367
0.25 0.25 0 0.353553  1.48804 7.07143 9.69336
0.275 0.275 0 0.388909  1.49388 7.27539 9.53629
0.3 0.3 0 0.424264  1.47743 7.33944 9.14905
0.325 0.325 0 0.459619  1.44984 7.27929 8.56327
0.35 0.35 0 0.494975  1.4033 7.16521 7.86798
0.375 0.375 0 0.53033  1.33761 7.02318 7.14656
0.4 0.4 0 0.565685  1.26673 6.37785 6.94839
0.425 0.425 0 0.601041  1.20258 5.66321 6.917
0.45 0.45 0 0.636396  1.1498 5.0439 6.93363
0.475 0.475 0 0.671751  1.11939 4.63816 6.98627
0.5 0.5 0 0.707107  1.11054 4.48238 7.02607
0.5 0.5 0 0.707107  1.11054 4.48238 7.02607
0.483333 0.516667 0 0.730677  1.11402 4.55288 7.00558
0.466667 0.533333 0 0.754247  1.12593 4.7476 6.96368
0.45 0.55 0 0.777817  1.14805 5.03884 6.92966
0.433333 0.566667 0 0.801388  1.18207 5.42951 6.91301
0.416667 0.583333 0 0.824958  1.22475 5.89352 6.91388
0.4 0.6 0 0.848528  1.26981 6.36915 6.9439
0.383333 0.616667 0 0.872098  1.31679 6.85456 7.01241
0.366667 0.633333 0 0.895669  1.36483 7.07954 7.38578
0.35 0.65 0 0.919239  1.40744 7.17255 7.87152
0.333333 0.666667 0 0.942809  1.44233 7.25641 8.33526
0.333333 0.666667 0 0.942809  1.44233 7.25641 8.33526
0.316667 0.633333 0 0.980077  1.38319 7.28643 7.58364
0.3 0.6 0 1.01734  1.30781 6.65603 7.24122
0.283333 0.566667 0 1.05461  1.22363 5.68793 7.14497
0.266667 0.533333 0 1.09188  1.14698 4.88878 7.01749
0.25 0.5 0 1.12915  1.09906 4.4636 6.99417
0.233333 0.466667 0 1.16642  1.15734 4.96028 7.04832
0.216667 0.433333 0 1.20368  1.26507 5.96555 7.37448
0.2 0.4 0 1.24095  1.37845 7.17788 7.89589
0.183333 0.366667 0 1.27822  1.44914 8.01908 8.53308
0.166667 0.333333 0 1.31549  1.49138 8.24095 9.26742
0.15 0.3 0 1.35275  1.5052 8.09383 9.75112
0.133333 0.266667 0 1.39002  1.49364 7.69401 9.86001
0.116667 0.233333 0 1.42729  1.44918 7.09928 9.56983
0.1 0.2 0 1.46456  1.3642 6.33285 8.87759
0.0833333 0.166667 0 1.50183  1.23405 5.4398 7.82907
0.0666667 0.133333 0 1.53909  1.05874 4.46033 6.5386
0.05 0.1 0 1.57636  0.832804 3.39255 5.03437
0.0333333 0.0666667 0 1.61363  0.569868 2.2821 3.4149
0.0166667 0.0333333 0 1.6509  0.291864 1.15542 1.74093
8.32667e-17 1.66533e-16 0 1.68817  -6.01015e-09 4.40207e-15 6.01015e-09];
